1000
1.034296824940853237e-04 9.574667362080417111e-05 6.212628664568167248e-05
6.608202678948287218e-05 1.089115215170268576e-04 2.434787503495764203e-05
6.021558084017056945e-05 1.039595420636271240e-04 1.465799412713800741e-04
1.144930258310183983e-04 9.188385660962854087e-05 2.435074693671833356e-05
7.925142877885553785e-05 9.988618492226026971e-05 1.070583788155693303e-04
9.831064072989723838e-05 9.791721136256047436e-05 1.141694378053411177e-04
1.037087299063989298e-04 9.814289359702066222e-05 1.117457410967958914e-04
1.016607677806653922e-04 1.381461452935705929e-04 1.570194636890368152e-04
1.055295574369476065e-04 9.579257322393468894e-05 1.078208007488662835e-04
7.178581609265174024e-05 1.101496113404279795e-04 1.383362617500668234e-04
9.735186526288819114e-05 8.049865467064355685e-05 1.083675948345850588e-04
9.787402955233511219e-05 9.381290562035717745e-05 1.142036596868946737e-04
1.002063538144387346e-04 1.453719105710417868e-04 1.601173724658449084e-04
9.900356852919137683e-05 8.794496001759011944e-05 1.108784544044093550e-04
1.059194935950696025e-04 4.602481059327153334e-05 1.939185344530206130e-04
9.846169395062816709e-05 9.625463754322851370e-05 1.123801282260192985e-04
1.431630184288797309e-04 5.594159189338834511e-05 1.029179453222457658e-04
1.012084166155922417e-04 1.015949792479717631e-04 1.162308081702924644e-04
9.423162667838691747e-05 1.473296898310572111e-04 8.334343545589405872e-05
1.059642965225593046e-04 9.566360498908063777e-05 1.690830425040462561e-04
5.033250009724347484e-05 1.678672795031321569e-04 1.451332181277887072e-04
5.848354448112502452e-05 9.640945910502780316e-05 1.405193914720387057e-04
6.899936957482879672e-05 1.318655279600723608e-04 1.235171511834254690e-04
1.042288358742633113e-04 1.310971685062744944e-04 1.465346185903559440e-04
1.506557941669798726e-04 4.095703170341440379e-05 1.009471354246626213e-04
6.453005011112500073e-05 1.102095101899482462e-04 1.435007889779921426e-04
8.931561455390301394e-05 9.855740484047063432e-05 1.104030241212236883e-04
8.668919770117666063e-05 5.545401951527883247e-05 9.248463421101164688e-05
1.012505519645597599e-04 8.686266953857065242e-06 1.246892910920988963e-04
1.058205296104998373e-04 7.228363429602714587e-05 1.554472617297493009e-04
9.816370157278333630e-05 9.730283061384980647e-05 1.133285039127422997e-04
5.042655012274395015e-05 1.134283734304856295e-04 1.631478684932501512e-04
1.447465072595805445e-04 1.652040230492081711e-04 1.478451377721305823e-04
1.000032694217201069e-04 1.021690441920602391e-04 1.098892624888905996e-04
1.061686295026999710e-04 9.774240139236460480e-05 1.176903737953579812e-04
1.186754378496868167e-04 8.796537045867162171e-05 2.283890107191909613e-05
3.451736454948324003e-05 8.961736664930135298e-05 1.555911447784403569e-04
8.797138354047554485e-05 6.275584334020899168e-05 1.908029830040784258e-04
8.960821518658560489e-05 1.004147274066630521e-04 5.954718178286379053e-05
9.867174319114586304e-05 1.615540419679911807e-04 1.675856013620244020e-04
1.020780670258573925e-04 9.661934565103434268e-05 1.099973503858399007e-04
1.019127975536014317e-04 9.613541499886045830e-05 8.544969905681798082e-05
1.023558282224406538e-04 9.471589721635102299e-05 1.133791601028830587e-04
1.006412524836877665e-04 9.606693672969681904e-05 1.136614610797932507e-04
7.592488752927125425e-05 1.624848999133932461e-04 1.253108418007867154e-04
1.154504282220919151e-04 1.184886015000205219e-04 3.412855197517277231e-05
7.423871088658899142e-05 1.637827705886217057e-04 1.258721500770096477e-04
1.117025062544432963e-04 1.125110063588037905e-04 7.092853548960363695e-05
3.628237967675274089e-05 5.228351887646868150e-05 1.012597319716716028e-04
1.481591034886019947e-04 8.809005696010905229e-05 1.584227465877082093e-04
1.426797691075738729e-04 9.665812664770426828e-05 1.462197197091079609e-04
1.022354463457588012e-04 9.665205807726738314e-05 1.070746904437059097e-04
1.221357735682684919e-04 1.640904389412842354e-04 7.490788706549235637e-05
9.876704397224556130e-05 9.943318818542120675e-05 1.161202181079780144e-04
1.119914288175668425e-04 1.127615161777045560e-04 7.118997277871787438e-05
1.231729789827384414e-04 1.541849943212378945e-04 1.400639910330642916e-04
7.590373680053347596e-05 9.558642491967509164e-05 2.071851800727763813e-04
1.006270326770132600e-04 1.308997112924279740e-04 1.632452928133127810e-04
1.717664548830551412e-04 2.634919097585269372e-05 1.008592132628837162e-04
1.074412833154294157e-04 9.584962866522953040e-05 1.131450259239147229e-04
1.079728352556894581e-04 9.417204646612928982e-05 1.135395527655035070e-04
1.021307965699600037e-04 9.624124299325319319e-05 8.241125373959061224e-05
9.723576486863517055e-05 9.827361600953564370e-05 1.130844178046930948e-04
1.035795520615670934e-04 9.578627758989331276e-05 6.108452082851360430e-05
1.013664081673308853e-04 9.464793024106201347e-05 1.392599438631355203e-05
6.132360670179059494e-05 7.055573859535470835e-05 9.959747795635206992e-05
9.450204633878148293e-05 1.226869941443814785e-04 2.034403523655693301e-04
1.170719364133468248e-04 1.189072257479786382e-04 1.056843803831006957e-04
9.651906458190228732e-05 8.983449143217923265e-05 1.161423495622120083e-04
1.027226938526001551e-04 9.254191707480420592e-05 1.148546945956851361e-04
5.907520568426837698e-05 1.132535530713492790e-04 1.505183089038030473e-04
1.831819816210646589e-04 1.353138120062208859e-04 1.022955497020872301e-04
5.271216713698341131e-05 3.890475491300566835e-05 1.229670183289262710e-04
1.423667003100396935e-04 9.832593508632642230e-05 1.449285674080189317e-04
1.598903805837050560e-04 8.572594913088395045e-05 1.117471734005710685e-04
6.910114951897325364e-05 1.091620455556698688e-04 2.617973357388222628e-05
3.119282650325112902e-05 1.099483644111833697e-04 4.425938216904640654e-05
1.012859207086861752e-04 9.924330840459385334e-05 1.175813407951989707e-04
6.759459548030211594e-05 7.446352379835386121e-05 1.047704707416624760e-04
1.519413624198537045e-04 1.253879005708331818e-04 9.870346007174793097e-05
1.054215518965776524e-04 9.427613357780402687e-05 1.159651954035543180e-04
5.299914006739028848e-05 4.259409280408617873e-05 1.679703975572404979e-04
1.060152829471601346e-04 8.142828712923624716e-05 1.379239258983324789e-04
9.585215252135417861e-05 1.864563244760655825e-04 1.290214267796918786e-04
3.673266666750468187e-05 3.273279954995441320e-05 8.083845172720253340e-05
1.064075604654668965e-04 9.538388171323801629e-05 1.143362586211765824e-04
1.015226775986393970e-04 9.574809743293917724e-05 1.088878852582234052e-04
1.059335306589352546e-04 1.012100269281877900e-04 1.127600793383005891e-04
1.043920844138883272e-04 9.589295405217146200e-05 1.110343506142112696e-04
1.038071327887397926e-04 9.015149683498009680e-05 1.240294997134120899e-04
1.196468805440310541e-04 9.091049218581255498e-05 1.108035875068577006e-04
5.223529424854510272e-05 6.367590102647268735e-05 4.988242892399493539e-05
6.864072442155344489e-05 1.013627822861625210e-04 1.027410359984629837e-04
1.421707111951274775e-04 6.664718102918223237e-05 6.388115004423801423e-05
6.085324234594686018e-05 1.158540293853363196e-04 1.055257318966084810e-04
9.796765823734244582e-05 9.759573188226647821e-05 1.174310244413763937e-04
1.012317576356129724e-04 9.600488370906233202e-05 7.336392612337733698e-05
1.072392002580650213e-04 9.555625068522236813e-05 1.142134899658738212e-04
6.915649612130549595e-05 1.299454866912578958e-04 1.681523097790676307e-04
8.528165540789856567e-05 1.043100378019195629e-04 1.277655960335914677e-04
1.015586889479320212e-04 1.001255111732509795e-04 1.103435529948076303e-04
1.031161891667904066e-04 9.509177553355152340e-05 1.106854501052443376e-04
1.012733301829003396e-04 9.693905803361698944e-05 1.054361884263247664e-04
4.317803456905750181e-05 1.028062625512239577e-04 8.242115148353727793e-05
1.372210136972965315e-04 1.514845096278728766e-04 1.809191578840469621e-04
9.813166927198222129e-05 9.108692552232200499e-05 1.148992360076487934e-04
1.910225716591656443e-04 7.516663426770201785e-05 9.394160956770058340e-05
1.005689116160199528e-04 1.311272824554468423e-04 1.618896422776783023e-04
1.007324569629282416e-04 9.694899451486867193e-05 2.067008846280030761e-04
1.139039209340215303e-04 9.888156430850770910e-05 2.004838521967040036e-05
1.149246788175766252e-04 1.071353126519328908e-04 1.393911747571798923e-05
9.470845627719829058e-05 8.636594574921530130e-05 6.518058628578114982e-05
9.304365989108548363e-05 5.973860459451773664e-05 1.867668447653559683e-04
1.675489587588483841e-04 1.274548208407744372e-04 5.746287408591436606e-05
6.848271514297244128e-05 4.778534521146204071e-05 1.435788994400714945e-04
1.007295319040606905e-04 1.024150053875028229e-04 1.108456103471891307e-04
7.004369522781698663e-05 1.159850068316791517e-04 1.511499887555812886e-04
9.560124737377788309e-05 1.272683639538535613e-04 1.928004591251184820e-04
1.043476198159820227e-04 9.444528531714869936e-05 1.102117400974945256e-04
1.020489866737405365e-04 9.500297082700619785e-05 1.115605741707131134e-04
1.347352784629286088e-04 6.952956776568854026e-05 1.355326791788530262e-04
1.014871816282164808e-04 9.666867875265782860e-05 1.154519055127522403e-04
1.046601043937225254e-04 1.007306945814573113e-04 1.143889511468056206e-04
1.200949138503958476e-04 1.212818894019212178e-04 1.039603396697278515e-04
1.093464294052300486e-04 1.583883631928830512e-04 7.720258883365404721e-05
9.884388698645310578e-05 6.248996587355980735e-05 1.806124769905768359e-04
9.693806211056385654e-05 9.510125922757692763e-05 1.132888253221691851e-04
1.035123133920885736e-04 9.244306237883161506e-05 1.188117318810871456e-04
1.143213908844155661e-04 8.830467541900729035e-05 5.168095823172418960e-06
1.011606513686510338e-04 9.429089828942689917e-05 1.141972964288440949e-04
9.475430796938317114e-05 1.408279608550886623e-04 1.928767738912358994e-04
8.752499538490710529e-05 9.586337822561853596e-05 1.571336861316309508e-04
6.784563252825950462e-05 1.344603709559697010e-04 1.718219855460513784e-04
8.809219320166702255e-05 8.143356788491048744e-05 2.043955126374158990e-05
9.914739575216506584e-05 8.168988510827894327e-05 5.776770724821755540e-05
5.622462965782746040e-05 8.729117117833618293e-05 1.353354011495347235e-04
7.302542848549670390e-05 4.281110932562474589e-05 7.729677296985293302e-05
1.386282507477760463e-04 1.698638667702080131e-04 1.428563802982274413e-04
1.027884543237368812e-04 9.990372331307978253e-05 1.162817556691074549e-04
1.070047547311432445e-04 1.268708811508607013e-04 7.647618073424461839e-05
1.120262387253794856e-04 1.101879731398944121e-04 4.062409599290091382e-05
5.820768123593330566e-05 9.477259066493157744e-05 1.395488542497528303e-04
9.970457180916939693e-05 9.981300281577178699e-05 1.155584398408176242e-04
1.089817835209792092e-04 9.473677932056289851e-05 1.843956264425191814e-04
1.600794038964418282e-04 1.190139659673178737e-04 1.643179027930203326e-04
1.088656647740170657e-04 1.041957018589021339e-04 4.625827443780207676e-05
1.045836985705632643e-04 9.421152198155023768e-05 1.135357046273674161e-04
1.019737622850019741e-04 8.977305252092545717e-05 1.164035978921449901e-04
1.395495059099622671e-04 1.699046215438713753e-04 7.891558290739105602e-05
1.011111559482123258e-04 9.480532727951514562e-05 1.123934895843165346e-04
1.003547127428384988e-04 1.012233281706214992e-04 1.111553602609512679e-04
9.950929664477987891e-05 8.851797334514243407e-05 1.116317648611222889e-04
9.956666630146417281e-05 9.612884477883721398e-05 1.116482901213542263e-04
9.934297178722389129e-05 9.915051496117511306e-05 2.068314482038637113e-04
1.045114888501100665e-04 9.454953381010354767e-05 1.160447147201201529e-04
1.021012294315675254e-04 9.647809449971372529e-05 1.393139243237011152e-04
1.021569619059343288e-04 6.221796707848639239e-06 1.242122472709975239e-04
1.077350241939804484e-04 4.329755265280224022e-05 1.301166510959561747e-04
1.057349693153643305e-04 9.529085736518425043e-05 1.165194586892113695e-04
1.060201223128891512e-04 9.421836833937775500e-05 1.143033694318443076e-04
1.183633139712327254e-04 1.284764420013966187e-04 2.972385881876786463e-05
1.326922926935540550e-04 1.006542661574382543e-04 1.351573286868115807e-04
1.186865178762598692e-04 1.474204105454376198e-04 1.405742931017610689e-04
9.068511766634096177e-05 9.696075045150357211e-05 1.571831002691022414e-04
1.028968587579912844e-04 9.506513359898872279e-05 1.130135331637115007e-04
9.418438524573057144e-05 1.475264826993238812e-04 1.939021294485830660e-04
9.184705547024730890e-05 8.421392009598749296e-05 2.080611732102532479e-05
9.088844964097991385e-05 1.619121431246522979e-04 7.199947836884709751e-05
1.007197501041208075e-04 4.303622549160852537e-05 9.127880918143769183e-05
6.763248134726561366e-05 2.055223379846879411e-05 5.872727252749985712e-05
9.972951694580215745e-05 9.650101548202294770e-05 2.109454757379086608e-06
9.150349338388327671e-05 1.562787477144162720e-04 7.628439109730554546e-05
3.936587883124116497e-05 1.563489423499455277e-04 1.168631491545120605e-04
1.446591626367789343e-04 5.254471423869510108e-05 1.026033594607737349e-04
1.032253293149644328e-04 7.126358602616056674e-05 1.556477560671450035e-04
9.821124321319521478e-05 9.260495629765729626e-05 1.142738322920973647e-04
3.355389450373000683e-05 1.062971840796999039e-04 6.922427312845062884e-05
5.443939478783514559e-05 2.816121068381479545e-05 1.681981300864033105e-04
1.031049798191054160e-04 8.933079458501140828e-05 1.165591687662592343e-04
3.518498340438707772e-05 1.717483552679792565e-04 1.008093819892662849e-04
1.349279606216357489e-04 1.742380721018637127e-04 1.388892100432566638e-04
9.777533313705073293e-05 9.391660197998270745e-05 1.117530318746138684e-04
1.031192622859490766e-04 9.465626122016006878e-05 1.152680397899925576e-04
1.997899054881565088e-05 8.976344692538718896e-05 1.568201315112034634e-04
1.452952344755880721e-04 6.521114873905888031e-05 1.435536686540259056e-04
1.039217498822002090e-04 9.496602299835762485e-05 1.174714956152033785e-04
1.358389177881486173e-04 6.879848264170232116e-05 1.353493091462987241e-04
1.577630016171647088e-04 2.356264427451971975e-05 1.220809565049277767e-04
1.569183451621818538e-04 2.832833663543740815e-05 1.236998886605548205e-04
1.157937218076510920e-04 9.834127871461928135e-05 1.236142987563728572e-04
9.663927354681258266e-05 9.488627043477468445e-05 1.123178940542240620e-04
2.125617943821329903e-04 1.238977731243528775e-04 8.376877652101024133e-05
1.208470963347374184e-04 1.006368651734413695e-04 1.995936364786297544e-04
6.987409975444125465e-05 1.286036850589586996e-04 1.670335661171423118e-04
8.656495573815988485e-05 6.291301438230859402e-06 1.288296758134747173e-04
8.762537212099710446e-05 1.940065313087599601e-05 1.445201853322396321e-04
1.646195491335024678e-04 8.782362420269189721e-05 4.311753701623540879e-05
6.164924588664061681e-05 4.169683898939263722e-05 1.521893594985913531e-04
4.538982067948642697e-05 1.604214348384810061e-05 1.290033998569975677e-04
1.047617711031858156e-04 9.634592018701427325e-05 1.171871317891817418e-04
1.905446887419721025e-04 7.431142683579205349e-05 9.311776335237422744e-05
1.032187452641733451e-04 9.350529112428713260e-05 1.204306412894665953e-04
1.049076650836060036e-04 9.701921857745485602e-05 1.177158170113066788e-04
3.080793653690139364e-05 1.347106725092957994e-04 8.603162791711957576e-05
1.757742346928293673e-04 8.309829250042491888e-05 1.074839693460384019e-04
1.038998995914031760e-04 9.788366214245554137e-05 1.159444951704595943e-04
9.912337198993679838e-05 8.618884439384715674e-05 2.081373894367266576e-04
8.565272225317958541e-05 5.689618330314044155e-06 1.291658250075533902e-04
3.929894639718934448e-05 1.178263243427153981e-04 9.203359557395337284e-05
1.003459166134861784e-04 1.010346514102452794e-04 1.103471465443069550e-04
9.701280385751610022e-05 9.583690766503053372e-05 1.116662629906638984e-04
1.054108824070236798e-04 1.020409563126779915e-04 1.121092959564300515e-04
1.261605850261224065e-04 1.469594036358807144e-04 3.196307494575250394e-05
9.850080276526017244e-05 9.617450250721641138e-05 1.159328614883324267e-04
6.819910815588347555e-05 4.771601529237687057e-05 1.435125556175080477e-04
9.260222877085003395e-05 5.515933134691633353e-05 1.868035605809499665e-04
9.855255106842936077e-05 1.092126454002249870e-04 1.051535558301645021e-04
1.006905457961049125e-04 9.646986230903361345e-05 7.247404381615924884e-05
1.054585960000677586e-04 9.772341913331540207e-05 1.122094217393652553e-04
1.010008333412404575e-04 9.442734414654642048e-05 1.137265105696760306e-04
1.433412871207982015e-04 9.583148413784668576e-05 1.473517329907749753e-04
3.472711275733205761e-05 1.072222621988419409e-04 1.314504371667567847e-04
1.371204945076261877e-04 4.097617404317972507e-05 1.677505582057711145e-04
1.059740941010650465e-04 9.346866508350741229e-05 1.126401510354250578e-04
5.583346886397706798e-05 8.576443559296870536e-05 1.340549414454825672e-04
1.282300240839315828e-04 1.328589252398912346e-04 1.248393826653177428e-04
9.583899599238230487e-05 9.876734123785962244e-05 6.467264790906767182e-05
8.634427228337092472e-05 2.327519883673644682e-05 1.435022105723325972e-04
9.833456585204478323e-05 3.555869401468722519e-05 1.929084511369884606e-04
1.005445027581778814e-04 9.675579263065749755e-05 1.118846263586778707e-04
1.036650013699157819e-04 9.397543675131173253e-05 1.140700653417081291e-04
7.552191070149754206e-05 6.194907840755250398e-05 1.967132727263441380e-04
8.306311022698051154e-05 1.049385517364723771e-04 4.224454262783950272e-05
1.634104895806087559e-04 1.519034166383028772e-04 6.676287650155275687e-05
1.674031255359593638e-04 1.278023457336082672e-04 5.753060335096252069e-05
1.359311992089445029e-04 8.648911120856350818e-05 1.099826817643592328e-04
1.449234547174729391e-04 9.437300963310728578e-05 6.614712312262914604e-05
1.011140292658576761e-04 1.015913016263721776e-04 1.140463766169771460e-04
8.612591198291948678e-05 5.548299525805532658e-05 9.197711097611614500e-05
1.650742111244245822e-04 5.959020695598110374e-05 1.595459127289207142e-04
1.051393949720964084e-04 1.019965266051239318e-04 1.128519621663795367e-04
7.758664590233160492e-05 7.411791243866642034e-05 1.870012750673097709e-05
9.702347501519245946e-05 9.736622889419621564e-05 1.165901608533546500e-04
9.843739249210498542e-05 9.858039153955194160e-05 1.184867408900140429e-04
1.301547497703191010e-04 7.269906976854805187e-05 2.227083247121033863e-05
9.154542340033743292e-05 1.516992169570722745e-04 7.959216870790245869e-05
9.416521264070226423e-05 1.464832628653799215e-04 1.938516120038810968e-04
1.383053020420835352e-04 7.175290925520770666e-05 1.061683390102562591e-04
1.211548735370164700e-04 9.440267415037362241e-05 9.081079920284335593e-05
1.000097409330004302e-04 1.017360865282351687e-04 1.148307231829752927e-04
9.908845534284557949e-05 9.864264038684147765e-05 1.154520121142050437e-04
5.021998973903490498e-05 8.167446433279402075e-05 1.841603367201650142e-04
9.575035874322311243e-05 1.274016632750499234e-04 1.911680551067639836e-04
1.038694962124264048e-04 9.235878149652686014e-05 1.155799576439447062e-04
1.380506076651613753e-04 7.527195411228065577e-05 1.069074121516304902e-04
1.013490890755807143e-04 9.639581477114885237e-05 7.346583380959297374e-05
1.009920769035273133e-04 1.011845277515795649e-04 1.097470186158891898e-04
1.026381799334596273e-04 9.849669871051060569e-05 1.147529314021113634e-04
9.789376864750735723e-05 9.683140919978743921e-05 1.151260372153214636e-04
6.958596728563253779e-05 1.063137167788793977e-04 1.965416754484355737e-04
1.017263599819953520e-04 1.008074353885418282e-04 1.146077256208665975e-04
9.212269082826152222e-05 1.006175209708294398e-04 5.754651475481891684e-05
1.027966540500009770e-04 9.623061640432742023e-05 1.174659283722085773e-04
1.271351850734121975e-04 1.656631542901379874e-04 7.519068071824371220e-05
1.050973696230283788e-04 3.817631638985162295e-05 1.253233520811184842e-04
1.041191558468816073e-04 9.760444653729576938e-05 1.132713095271406604e-04
1.058740694823422665e-04 9.514856802809200170e-05 1.162307915940783624e-04
1.896305284039141693e-04 1.395430311497885883e-04 1.048806298676870996e-04
1.045843730795641499e-04 7.742656414432195588e-05 1.208246071082833039e-04
9.807072431616217117e-05 1.204954768949126429e-04 1.197353006087168651e-04
1.294405018089774895e-04 1.262121834552157849e-04 1.012075726612556638e-04
1.623314408991627345e-04 1.485415168999929415e-04 6.409170932227475177e-05
1.028474182347325179e-04 9.267846904246092711e-05 1.197213683487127522e-04
1.028936014689028872e-04 1.147024166390352845e-04 1.296070250593496227e-04
1.052644436356295484e-04 9.757933446253128789e-05 1.160997159411371592e-04
1.019192502696422204e-04 9.193988690913114045e-05 1.167171615224096653e-04
9.960436140246598164e-05 9.765930448467725282e-05 1.108144672695691204e-04
7.393335290892911549e-05 1.075402021361428293e-04 2.726309444830200631e-05
6.479157155630145689e-05 1.124185022995060457e-04 1.414642580633447815e-04
1.140589932450518775e-04 9.045769437973099248e-05 1.391432429120014292e-05
1.031342352742905475e-04 9.496694368284047379e-05 1.155630394927383215e-04
9.837177144706377911e-05 9.886050804902629587e-05 1.119956755207388482e-04
1.106333798655227137e-04 1.101315660617856542e-04 7.011649974084705644e-05
1.063839376090250350e-04 9.445784020198806912e-05 1.117060410241807472e-04
1.004226640394502662e-04 9.249686787980766919e-05 1.162437294535129383e-04
1.077897468921218882e-04 9.382786385616239246e-05 1.120572513582892188e-04
1.136551509492637310e-04 1.143761652225955511e-04 3.689219333270548159e-05
5.854653487633082649e-05 1.114764593118131942e-04 1.388187534827893164e-04
9.872067755709302260e-05 9.738929554880935589e-05 1.125745755676736914e-04
5.917094051244437127e-05 1.753439806059742744e-04 1.302099570619497104e-04
8.526294232391293563e-05 5.832882777911899767e-06 1.290524532066067345e-04
4.397444968277875523e-05 1.482003403232313987e-04 1.159616981461382277e-04
9.514414950903455649e-05 1.853925532642605126e-04 1.266346976622480486e-04
1.228038271519629678e-04 5.374440306772610646e-05 1.619450476164638407e-04
1.071539325812629007e-04 9.346473172769216250e-05 1.125044716161830019e-04
1.020335673065407101e-04 9.786647825291101615e-05 1.157631220440825048e-04
1.465620056909899534e-04 6.127140112568415847e-05 6.129955094514056711e-05
1.009310633291849948e-04 1.008586931265611537e-04 1.149553654458581990e-04
1.044563722521869788e-04 9.911532712871946014e-05 1.112847742934884164e-04
6.747943116354271711e-05 1.483396105506321506e-04 1.399081725549345366e-04
7.783002184507238717e-05 1.846573523402031197e-04 5.298711341024306263e-05
1.825854391213774990e-04 8.004100774647783143e-05 1.017950220234096093e-04
9.997609896204993267e-05 1.018159139959062088e-04 1.102387596083361491e-04
9.781323787357165006e-05 9.845891473607579702e-05 1.153501419425029836e-04
1.035859502864856422e-04 9.540608199978878247e-05 1.182647134707619810e-04
1.022884485103743959e-04 9.115273221356977578e-05 1.144296691863627610e-04
9.266005383028559021e-05 8.296435253829483535e-05 1.179359111347204212e-04
1.043998024655187995e-04 9.493237984683868045e-05 1.174214113994773232e-04
1.053371121236568061e-04 7.048580579495101464e-05 1.601492498212277790e-04
1.025878146694414299e-04 9.957714885671007884e-05 1.180929398868523275e-04
1.755753093698636015e-04 8.257851277012816466e-05 1.067927087758490913e-04
1.232931837488309703e-04 1.522109803943855049e-05 1.011346652054466455e-04
1.082763686124047918e-04 9.435749823510874675e-05 1.136321350221252747e-04
1.065301898868593812e-04 9.153124751507782549e-05 2.016077450902649816e-04
9.766899960407099933e-05 9.789824986516525076e-05 1.117195360571423114e-04
7.488990335512406976e-05 1.005172897968304943e-04 1.052187044807083148e-04
1.200621239390788384e-04 1.631349188050854276e-04 7.531310760043011428e-05
9.444074299251494897e-05 6.242381895368798118e-05 9.958420736040716603e-05
1.114513818678419680e-04 1.595017323891067347e-04 7.673196832285612411e-05
1.057311605542856676e-04 6.525806792184299973e-05 1.239349727113916544e-04
9.868560393217675072e-05 9.297144714551236347e-05 1.150412295321194653e-04
1.049212573091382777e-04 8.640876483830404911e-05 1.292378950650057649e-04
1.025655691853853793e-04 9.469339118411387911e-05 1.158782693029266833e-04
7.449572110233834764e-05 5.268312375232603762e-05 1.356181521548100745e-04
9.703107732563660273e-05 4.301165051676615131e-05 7.447555823627259076e-05
6.301024305870504773e-05 4.317192208018509153e-05 1.500850762780512010e-04
1.015771314950415332e-04 1.019133601568283633e-04 1.103374738570874500e-04
2.940562349078255978e-05 8.992478128842078808e-05 1.559948076749734084e-04
1.379893297320505655e-04 1.700998781246601435e-04 1.429233948662312519e-04
9.823223396662347730e-05 9.871685104858485716e-05 1.173520976804589064e-04
5.439853809878368769e-05 6.199516544755300190e-05 1.017003627300791464e-04
1.018841800566033237e-04 9.419816998927617671e-05 1.181657160515404130e-04
1.016023089553379238e-04 9.935439404719600726e-05 1.176230852590972762e-04
4.855036541437673687e-05 5.555409135357441459e-05 1.007182878548527541e-04
1.353106315936180128e-04 1.444636757074445083e-04 1.731054663406216129e-04
1.028413455273695745e-04 1.009442544249600508e-04 1.170393448234722546e-04
1.172071573393952470e-04 1.483134490884567851e-04 1.459888184082180928e-04
9.710829319278995798e-05 9.553840206401307037e-05 1.128540082657329203e-04
4.805832564823739301e-05 7.482861686505156156e-05 3.043671413006797494e-05
8.159578520481081967e-05 7.667148230782498350e-05 1.941313826179834749e-05
9.870878569050024038e-05 9.770223684687405702e-05 1.122790856893506620e-04
1.014233586994094165e-04 1.021276996283135145e-04 1.143102912727720369e-04
8.425340457961450142e-05 6.213304890932749836e-05 1.927437023069452054e-04
8.516546374519785737e-05 7.149907401123300208e-05 1.226598031209594718e-04
1.261625820024475674e-04 1.590395886290622742e-04 1.397413611174621890e-04
3.975143614153877052e-05 1.553921197595616889e-04 1.167042820833973571e-04
8.007262861445474866e-05 3.893331148014401988e-05 1.387922891145551812e-04
9.374214278172765546e-05 9.253993158608987506e-05 1.122399836905389850e-04
1.736188426548611617e-05 9.013834758370966801e-05 1.568308869678585360e-04
9.367949385171593223e-05 1.757397446049804629e-04 1.157426214706325690e-04
1.718654796262242843e-04 1.242449681125440137e-04 5.685920322807939709e-05
1.024265783262396382e-04 9.601965541251056301e-05 1.079412973179316157e-04
1.012129744588533231e-04 9.846767432772624408e-05 1.177993904676091753e-04
8.157821280704578609e-05 9.971524974043586783e-05 1.082361353554180615e-04
6.262620473168357136e-05 1.438011452148212749e-04 1.795541623851065641e-04
9.611238669971951807e-05 9.312365413322243801e-05 1.120389285171470947e-04
1.007073813692776121e-04 9.669611303157570059e-05 1.156451899060714403e-04
1.050470150694884485e-04 9.807104974628950218e-05 1.140269852021077161e-04
9.798556168195394990e-05 9.462458228022514262e-05 1.155128743840948881e-04
3.673961779510515491e-05 1.072690907031665275e-04 1.319754598771690564e-04
9.648396521209170768e-05 9.839586485190578461e-05 1.171094313013514650e-04
8.285837804902910543e-05 1.865412671211651955e-04 1.066064307821780113e-04
3.871422550099092269e-05 3.845645277455478643e-05 8.717223424255861634e-05
1.038800431411752854e-04 9.450569143604744605e-05 1.175753704299054302e-04
9.817040345109905735e-05 9.987351068310560982e-05 1.171458114213894613e-04
1.388340407117049551e-04 6.347869622170428908e-05 1.342649190833970221e-04
1.019792658544250839e-04 9.744118337478022216e-05 1.103924833839686585e-04
1.528816361303056599e-04 8.396997502596865017e-05 3.415818207737622098e-05
1.010409072622321739e-04 9.770375278461198578e-05 1.151982775574519744e-04
1.010260312428317992e-04 9.522638224690821115e-05 1.106118033912466378e-04
7.260879023786527737e-05 1.045816450242434295e-04 1.951684400073125261e-04
1.003721660653098940e-04 9.474138835834463495e-05 1.121503832794640363e-04
9.873481387882451722e-05 4.562784397305856955e-05 9.081356329242687593e-05
1.671059666621514412e-04 5.748907769562309941e-05 1.578464478797190497e-04
1.048473169379242093e-04 3.706695745595515724e-05 5.122970375107634210e-05
9.841420578797381634e-05 9.530671716569938368e-05 1.166660144724488308e-04
1.018059129376558977e-04 9.646659034820136169e-05 1.160502623749104962e-04
1.422656493367060212e-04 9.509016948038355682e-05 6.832581834976777287e-05
1.010619423589554500e-04 9.734193990709669446e-05 1.107321941623710731e-04
9.955539431323137700e-05 9.797055970433685872e-05 1.179400214602941392e-04
5.860335741940951349e-05 1.136332478905891739e-04 1.515710417101441305e-04
1.518086717692721205e-04 1.341833879070309721e-04 6.279821942516594820e-05
6.281981915273180718e-05 1.097354044743859426e-04 1.986087957739867381e-04
9.892169772535439130e-05 9.268180463283714121e-05 1.144368318335386010e-04
1.068380364154023464e-04 9.128647908986262333e-05 1.175851551859762858e-04
1.003383780220105589e-04 9.418670294896833053e-05 1.155999095599116299e-04
1.020584033756101401e-04 9.837893858108111376e-05 1.157598599006381360e-04
7.636531811632129457e-05 8.177111713572798380e-05 1.072046397763324151e-04
9.788243653429389718e-05 9.558481126641632096e-05 1.134368480641066951e-04
9.925677592052445960e-05 9.331951413183952443e-05 1.142877251620191766e-04
9.674116603695020805e-05 8.420281795809861044e-05 2.099075769503395083e-04
1.104803165342674786e-04 1.185887802160099329e-04 1.800480750431967896e-04
9.880482186269367553e-05 9.105509525620125732e-05 1.151968918052907607e-04
1.371424866916999173e-04 1.521929658837114954e-04 1.814746845121035113e-04
9.114071965228402478e-05 1.562156369785792790e-04 7.660466266069415359e-05
9.641478644148286127e-05 9.773884583043061683e-05 1.123130886219227142e-04
1.028108965724753600e-04 9.537244325836104035e-05 1.087793509725203166e-04
3.615064328253657762e-05 1.043345935737347951e-04 6.838831206093210445e-05
1.137816259659690549e-04 1.416422312574434894e-04 1.414813003291160375e-04
9.859970474150889306e-05 8.075647489729763124e-05 5.695122398424521103e-05
9.582946362554464650e-05 8.785362588192021196e-05 1.168647444029282534e-04
7.388206255992189170e-05 4.376888807698663570e-05 7.809813600647243833e-05
1.046740181269782384e-04 9.672084051670222743e-05 1.091933108731224338e-04
3.480028457744042134e-05 1.561767945155803649e-04 6.969531597490397274e-05
1.400885951915738876e-04 3.861646432665272009e-05 1.668064135201521229e-04
1.040496132101705816e-04 9.276653628856814542e-05 1.149840261713025880e-04
4.621492265774619347e-05 1.374626332786447807e-05 1.328148760546489417e-04
1.497657275073718906e-04 4.605165942298741625e-05 1.294599739801506361e-04
1.017818571392671762e-04 9.840386069981254147e-05 1.188607771616616277e-04
1.131047305321938672e-04 1.049001262645202985e-04 1.580105897797250711e-04
3.557627900410560538e-05 1.056008939195759674e-04 7.199219428595156898e-05
1.054821632889062856e-04 1.028694664705049710e-04 1.126363325480305729e-04
1.446206943614536237e-04 9.151247322778780803e-05 1.516192662472891080e-04
1.025041764365558559e-04 9.636311699025045311e-05 1.174603430850077812e-04
1.066628918245199434e-04 9.757426138844518815e-05 1.177473099079683294e-04
1.317289039813128839e-04 1.235567477035325870e-04 2.010332749638585510e-04
8.156115012011027233e-05 1.003595435587277784e-04 6.186886064802002579e-05
1.158483152153665915e-04 3.792637868524872236e-05 4.293095128188708834e-05
5.697754196739281222e-05 1.261099509399739359e-04 1.086216555468228688e-04
4.364466500001487051e-05 1.132362075024534231e-04 1.791430118647531467e-04
1.039188040219617782e-04 8.164638440184864682e-05 1.197897366985142727e-04
1.044749330043099223e-04 9.716645564733705158e-05 1.160594149581891695e-04
1.534494329018839371e-04 3.876396395966283929e-05 1.275773706732353803e-04
7.803796059123250509e-05 1.023355124063512247e-04 1.934547839505112998e-04
8.009933522536094531e-05 9.823987657773736366e-05 1.390662121493994574e-05
3.518106451726955901e-05 1.664032670089044333e-04 1.169598412318636718e-04
8.502127485927424115e-05 1.041235950945250551e-04 4.518741825506176926e-05
4.362481509476468801e-05 1.132060836721112318e-04 1.831421447184375265e-04
1.056007280811067624e-04 9.598572461252434453e-05 1.118507678180289869e-04
3.627494817091936173e-05 1.427656257097478147e-04 1.115120913329080052e-04
4.267298449849204805e-05 1.130490696954558356e-04 1.679055752059019108e-04
9.807412634418955573e-05 9.793679422942977420e-05 1.150705752197511792e-04
4.657178052741732847e-05 9.004279239832435448e-05 1.548566336508391654e-04
1.046867907275837592e-04 9.812039729189456206e-05 1.158739540566861042e-04
1.018448054237299443e-04 9.487109282689555059e-05 1.132322371010215448e-04
9.269250628788166754e-05 8.851324258963349178e-05 1.611667626800533844e-04
1.183086416248756189e-04 1.240956495100561821e-04 1.919261690289633302e-04
9.370532817134121482e-05 9.838216772479955162e-05 1.120090324537699548e-04
4.133639938224384130e-05 1.159862528828062994e-04 1.809897938126387481e-04
1.383522383308067834e-04 1.794765495389551136e-04 1.342959086205793441e-04
1.010891562027207822e-04 9.454806207171359013e-05 1.166038707535944132e-04
1.015605759496087079e-04 5.607400693003907448e-05 1.857765872599307527e-04
1.005416775300927514e-04 9.377813288646654247e-05 1.122508126587081536e-04
9.996195309336058216e-05 9.011356823450175223e-05 1.117995868543882504e-04
1.019587154980676155e-04 9.563820881563978233e-05 1.130026999622608279e-04
9.178646547564764196e-05 1.007371699364526132e-04 5.724565564415498017e-05
1.969402424834752969e-04 1.444358643092337436e-04 1.071478110018469733e-04
1.060414595164178197e-04 9.382741997219950819e-05 1.166298833161401462e-04
1.479462024906306095e-04 8.639041713155815407e-05 1.114918171738453625e-04
2.044595441213638396e-04 1.244412521046778285e-04 8.628855017574371970e-05
1.105754516677748543e-04 3.220367281981088186e-05 1.373816082559628548e-04
6.364638833827728642e-05 1.048502749593872499e-04 1.018647428796258964e-04
8.588165805947595643e-05 9.972462574183087820e-05 1.877109972844186246e-04
1.047019220121053355e-04 9.551046078484910459e-05 1.145479706186598403e-04
1.798816600938496512e-04 4.277615414016018808e-05 1.448954011175908037e-04
1.523532648006640990e-04 4.148067794572742501e-05 1.284950068221703604e-04
6.697036533807578179e-05 1.128053311542142001e-04 1.428343690823804569e-04
1.562190655552086712e-04 1.387658434567097532e-04 5.998259696757289784e-05
7.673292951626394995e-05 4.675074152554580523e-05 8.222739151473339094e-05
1.031936612485529018e-04 9.647861145408333629e-05 1.122789895921832612e-04
9.995207032379953955e-05 9.977899262247072942e-05 1.158129552194935594e-04
1.013021048123390787e-04 1.013586690699057080e-04 1.182795411738203531e-04
1.048960196745836649e-04 1.008246512575401471e-04 1.129633815965068032e-04
1.581622250167199865e-04 1.915405804580437921e-05 1.196707283883297789e-04
5.891461073673116562e-05 4.520010666415103011e-05 1.246396784021885484e-04
1.044660547740361493e-04 9.851504239164293156e-05 1.113954442367141460e-04
1.564617387364933829e-04 1.363501569818845302e-04 5.963533688048927811e-05
9.351502744642828336e-05 1.136039103273931274e-04 2.187039410386227819e-04
6.912376602195215050e-05 5.384408671359508682e-05 1.276004123410718618e-04
4.526700705170223169e-05 5.269541446674386696e-05 1.004755775599932422e-04
1.640367289335546567e-04 1.531621011091629614e-04 6.748344223588847069e-05
1.061084957187464822e-04 9.184093400202409350e-05 1.161682046721907656e-04
9.096570660819012577e-05 9.812279153184472733e-05 1.108012544612580120e-04
9.364597403786394461e-05 1.154953202916951754e-04 2.159260323698316067e-04
6.608780175850087772e-05 2.836622302245407685e-05 6.244023170992157304e-05
1.028238564410946396e-04 1.010886638740084653e-04 1.113435438874940100e-04
3.735580881476128427e-05 1.203781194793967048e-04 1.865415955343206983e-04
1.314599450772634939e-04 8.848093660640582892e-05 7.451733653863919216e-05
1.395854023951430170e-04 9.467561525679915927e-05 7.114378686688272032e-05
1.003312206709579187e-04 9.689750553034258049e-05 1.154004564034032701e-04
1.617771631810150800e-04 1.205529512718643472e-04 1.862821940438355410e-04
1.036756477861692821e-04 9.395572085812734452e-05 1.116647787114472874e-04
1.000312095942442007e-04 9.055120175720293891e-05 1.126626226777517809e-04
1.041826685938376150e-04 9.347622939119955504e-05 1.119528694702842377e-04
1.059809778526998528e-04 9.863528620892283375e-05 1.163067316804390226e-04
9.824157505554693298e-05 9.047202185403000309e-05 1.147196481482277536e-04
1.037211758744287546e-04 9.420328209470212283e-05 1.151187685283619125e-04
1.029738426113652622e-04 1.002452976453748319e-04 1.121140040158474463e-04
1.017642583277963525e-04 9.557012749430570265e-05 1.122103433773751564e-04
1.047733182838368759e-04 8.693290538334925250e-05 1.289258798577985472e-04
1.353653827132922393e-04 6.926725778079228981e-05 1.355028349020896748e-04
6.673241509928411240e-05 1.091787801566059066e-04 2.487101384929798294e-05
6.168695788499482585e-05 4.188676561745713974e-05 1.524105896061303165e-04
9.359181230885431487e-05 1.519095761725854576e-04 1.944402326537476280e-04
9.854902157538315745e-05 9.064916565216805445e-05 1.146404518616734041e-04
9.593679174281094524e-05 9.389959281624772733e-05 1.117740258237212580e-04
1.138496122084443809e-04 9.810821319467951068e-05 1.223046606340404195e-04
1.711031250044603197e-04 8.701467101520226905e-05 1.906770930760110275e-04
9.359959340481559720e-05 1.151797919979822551e-04 2.164915791444719877e-04
1.039810303453109056e-04 9.138588276987252097e-05 1.215662370957520022e-04
1.764139088020472818e-04 8.262320357186528211e-05 1.064929490140489822e-04
1.020790220700796603e-04 9.499340202481570353e-05 1.083557649207576227e-04
6.739438941197606607e-05 2.045003705816604073e-05 5.843931305932890176e-05
1.005363135010080863e-04 9.685909746366254966e-05 2.066461991316937189e-04
1.022759148446790082e-04 9.860562568395673480e-05 1.137329624891594598e-04
9.134550437523848818e-05 1.538624162180864704e-04 7.798039614399672459e-05
1.065761284651448168e-04 7.594632790680283323e-05 1.476677401457580582e-04
6.249528312849612932e-05 1.103091341052468900e-04 1.034959936305101169e-04
1.730986932747677007e-04 6.246613126217751347e-05 1.556872837480367062e-04
6.058882923695587899e-05 1.169080555722446950e-04 1.056569785656897897e-04
3.168470600948498835e-05 4.142219522789151504e-05 1.277987823113709964e-04
1.009066793618471183e-04 9.886852498986993878e-05 1.146122834905674532e-04
1.744908217948525368e-04 8.757501871116247605e-05 1.956100528384173496e-04
9.705179571197881342e-05 7.513080208152414410e-05 5.367516175168751430e-05
4.063862273127243161e-05 1.169256135873462385e-04 1.819894311316835715e-04
1.016987903888178185e-04 9.666734942672753077e-05 1.298600278665279939e-04
1.031472538956214259e-04 9.831122475301143685e-05 1.145432621074629083e-04
3.383054320325498660e-05 1.545887776380731752e-04 7.181504745744256020e-05
1.039181735175327703e-04 9.275853801073311391e-05 1.169655845885640688e-04
1.062057756236329376e-04 7.253366092792616279e-05 1.549502424734526648e-04
9.920840102027128713e-05 9.402954147637073020e-05 1.122291433218757829e-04
1.272605850420936800e-04 1.370747065597332972e-04 2.034737132607350560e-04
1.330824268327405904e-04 8.199926513208056849e-05 7.285300754118516689e-05
1.011653365643404821e-04 9.541019525173674489e-05 1.161118506153644542e-04
1.021150155372906726e-04 9.671949007096279454e-05 1.165365008757530881e-04
1.418619731691067847e-04 5.607483495850517350e-05 1.944714885323844836e-04
1.301440366674150144e-04 1.336633312089585994e-04 2.131998558805801836e-04
1.076315832629456319e-04 9.694574384463271351e-05 1.183509398197312920e-04
1.798079067387835662e-04 1.249695110045449147e-04 9.394516671742084320e-05
1.007860338707885323e-04 9.491425332169590176e-05 1.164133386688716416e-05
9.290607547164836161e-05 5.867855346371628021e-05 1.868913954962499364e-04
1.022383166070801587e-04 1.002176712245500420e-04 1.162959183897259999e-04
4.365842340271400670e-05 1.132512905091748255e-04 1.680270194189645468e-04
1.048986114993302819e-04 9.559433098069938393e-05 1.164862534869376534e-04
1.044805535508543402e-04 9.654974126089737642e-05 5.513301859154220091e-05
9.407941227571678530e-05 1.426012413383967892e-04 1.214191477384908585e-04
1.044150184398938538e-04 9.438844756529333048e-05 1.157738708671129788e-04
1.006925858915071485e-04 1.028763642655450641e-04 1.092020443005958818e-04
9.753822892339497044e-05 9.853784686423019913e-05 1.155431810632450465e-04
7.874687726748317944e-05 4.869273039511337614e-05 8.424252234852712764e-05
1.002697233717661718e-04 9.279284099857418181e-05 1.158413778096230551e-04
9.078775882852587722e-05 1.529229862128791810e-04 1.216656005411683838e-04
1.281098835438571396e-04 1.382309050633012779e-04 2.024252285467198530e-04
9.791579935445671786e-05 9.416129186897116623e-05 1.140491793326083931e-04
8.982109903724245668e-05 7.885608324583457448e-05 1.194798305047795436e-04
1.009293450639632246e-04 9.054742827200241474e-05 1.121020093274730168e-04
1.169391584060758401e-04 1.258242526517403697e-04 1.926394397333383753e-04
1.066425074435386724e-04 4.973153508461056042e-05 1.959144903302652090e-04
9.936651743859756789e-05 9.383833461151592289e-05 1.118325528454011003e-04
1.005435243952183322e-04 8.973129463517037243e-05 1.122577299677663201e-04
1.092806671707850460e-04 3.713757506241213187e-05 4.675723972412261888e-05
9.943613846897017810e-05 9.125760806977985533e-05 1.114768276615406907e-04
1.054443631026534425e-04 9.487371453783166510e-05 1.112591136508904021e-04
1.313594597302216111e-04 9.004883175071404136e-05 7.614522601705099190e-05
1.459690587131367266e-04 9.378973034064709633e-05 6.499346858135177259e-05
9.881466481318419194e-05 4.019603927143384185e-05 6.667059125570393954e-05
1.040369200207546532e-04 9.693354295394874360e-05 1.109620233786894186e-04
1.617631415905906140e-04 1.477256994944675021e-04 6.370882390880445653e-05
9.902319305380931130e-05 1.536748640708879803e-05 1.258295467214421435e-04
1.041381706775218506e-04 9.294212309214688677e-05 1.186852103079669027e-04
1.077726891463513781e-04 9.187257719685440309e-05 1.167781920016395755e-04
3.894242067205816964e-05 1.576826975634878743e-04 1.168938490469021145e-04
7.623184917361488448e-05 4.808979037415644269e-05 1.368362346672397306e-04
1.023049977024816949e-04 9.669135395028750901e-05 1.135763416185496630e-04
1.066837262347674270e-04 9.517386423326716313e-05 1.144335211647763673e-04
9.672663830750417857e-05 9.900029026378428870e-05 1.181294979932782810e-04
1.002369722199345707e-04 1.025597232083965218e-04 1.110199451551693552e-04
1.170290852781774848e-04 1.216654466378407746e-04 3.177628479957097959e-05
9.198893623781061342e-05 8.181316368788397770e-05 1.182897329514721716e-04
9.366572963583957238e-05 1.190995341357124862e-04 2.096684833356404038e-04
8.665744574625737636e-05 1.031602903169243719e-04 1.264228899495305767e-04
9.261840842560609306e-05 6.083729160887725709e-05 1.866560811133950769e-04
9.411281607972747253e-05 5.653592374965242702e-05 9.518028935299152518e-05
1.257041975994144798e-04 5.023676620680224723e-05 1.653110679881937323e-04
1.613090590029372170e-04 8.600008845325348697e-05 1.775940335495363527e-04
1.055148018292771352e-04 9.164922905214019995e-05 1.166546414135177833e-04
8.578649667106021776e-05 5.526721654001759740e-05 9.172975051611362794e-05
9.431891433977486027e-05 6.218566245283580689e-05 9.943426789074170480e-05
6.614772144041183432e-05 2.536381686827615724e-05 6.104703452101134802e-05
1.940377585866067919e-04 1.116194132161517691e-04 1.200084285968790502e-04
1.000270400754457657e-04 1.037232946103258636e-04 1.150321460789611891e-04
1.717370147672250667e-05 1.037280490991327391e-04 1.270106395978906741e-04
1.082598134242474821e-04 4.202035859604739509e-05 1.313627121572690220e-04
9.844339485037217170e-05 9.699757219613774093e-05 1.165297632533655208e-04
1.027685920452836777e-04 9.220652469648232547e-05 1.160532171276025407e-04
1.020518783594458352e-04 9.874397459161543132e-05 1.174046237924598006e-04
1.052786478607687932e-04 9.645296256586612940e-05 1.094827127812284559e-04
4.937888110333580764e-05 1.136338688542499684e-04 1.654095125738870499e-04
1.042170853622827078e-04 9.453794539405655731e-05 1.136521785173969391e-04
1.362526718083438820e-04 1.686547611088260986e-04 7.700939229312770448e-05
4.447719290909553895e-05 1.894882531190326299e-05 1.246645689244465323e-04
1.624405272822189146e-04 1.214760852299998566e-04 1.770725349592441812e-04
1.056554896106329922e-04 9.503284126122518596e-05 1.111611756293190190e-04
1.022218192508721478e-04 9.521013791142252125e-05 1.132142393518528083e-04
9.917558738179149246e-05 7.582393215003052623e-05 1.888634083059694563e-05
1.041705061127957705e-04 1.552552972026573447e-04 7.871086295666994588e-05
1.009200104779263500e-04 1.003790495682182864e-04 1.185360747349240783e-04
9.513405409360265852e-05 1.332743909161620557e-04 8.756794367097898882e-05
1.122739875762944652e-04 2.292079643427527425e-05 1.476656340013559211e-04
1.019180395994166911e-04 9.887631082334757634e-05 1.127411074167254001e-04
1.244067509222465586e-04 1.267376993434536202e-04 1.088857645130781817e-04
1.045803014658265096e-04 9.743955538750189804e-05 1.108012740585359140e-04
1.693943757041945191e-04 8.434310953803797104e-05 1.102759748891246112e-04
5.818312439614445585e-05 7.203280464342975747e-05 8.625736211557561404e-05
1.265917448922636291e-04 8.037554884247048335e-05 2.122432878936305055e-05
8.626147511897422641e-05 7.951185304808973137e-05 2.000778650087791391e-05
1.023358969685631605e-04 9.650601134194612750e-05 1.418595919200447563e-04
9.499282615616350112e-05 6.814388443045138932e-05 1.030071176443226807e-04
1.050331858613502722e-04 3.699250012369912830e-05 5.147866603123893350e-05
1.010153607990224616e-04 9.746426024159036299e-05 1.071792727467548264e-04
1.064551647366731245e-04 4.884697846925833465e-05 1.951745022211559370e-04
4.415590955605009916e-05 1.129246301722992629e-04 1.679713096748551983e-04
5.316653431781193171e-05 1.635236887438456198e-04 1.460742068926796353e-04
1.078316312797010035e-04 9.551126961629248188e-05 1.125939816879393645e-04
1.006566677985952778e-04 1.014578569710354497e-04 1.124672779577280072e-04
1.902243998662560059e-04 7.371496649274823906e-05 9.309925513146402143e-05
1.004197412717853025e-04 9.417691137724433048e-05 1.117568905935618478e-04
1.024916419618713620e-04 4.948588785643270506e-06 1.241822828740949411e-04
7.971585097318105938e-05 6.290285459931884413e-05 1.274324333189985712e-04
1.231579848401490886e-04 1.249472444516818868e-04 1.049885995616843629e-04
6.368541066715903550e-05 4.398860897033714224e-05 1.492931371720092066e-04
1.030824941972337407e-04 9.890612591596446813e-05 1.107536214884250966e-04
1.047045092239883132e-04 9.416863690490904506e-05 1.155398771862860572e-04
6.613482698130957729e-05 2.676490152304066423e-05 6.149613753662971775e-05
1.011795165471593633e-04 9.586459412225345846e-05 2.063992921143803874e-04
1.326208335089056544e-04 4.918713471265468204e-05 1.768448008865438812e-04
1.010291440075399808e-04 9.413524270835194377e-05 1.109897932169768881e-04
1.604190850734124498e-04 1.446372948132119063e-04 6.202362660961148715e-05
1.047451179241462653e-04 9.216842560359592054e-05 1.173587415886578699e-04
1.016386092690532098e-04 9.949818223978900290e-05 1.179854614216120222e-04
1.060268145419228884e-04 6.097494661685517645e-05 1.243726409231266723e-04
1.017823236454921699e-04 9.615130201786423073e-05 1.016913157182462778e-04
1.551688074397483794e-04 1.144374391995791462e-04 1.563214222545823836e-04
1.217117975941584717e-04 9.455391934830188738e-05 9.073979647952374618e-05
1.234959379954855059e-04 1.239600857240776022e-04 1.956118513945741938e-04
7.509200366799397388e-05 1.063870997722868100e-04 2.539446205723864606e-05
7.337200596391061421e-05 1.447591574724978246e-04 1.360194777006186993e-04
1.559126388300737410e-04 9.094654199312029910e-05 5.524043354299605868e-05
1.037288026202333306e-04 9.569394812924591142e-05 1.151210427796439472e-04
3.141648200255641040e-05 1.317382036804658088e-04 8.753979111612595417e-05
1.471604312880501618e-04 4.704659723935141548e-05 1.014749366180772564e-04
9.739444044146794769e-05 9.867131693673254593e-05 1.170832008499859657e-04
1.232153406318161075e-04 5.291477161389385495e-05 1.624608815340596024e-04
9.259152024595568515e-05 5.378696193395809936e-06 1.498731245787689789e-04
1.029167501288892226e-04 9.546155122798620247e-05 1.183359709174947700e-04
9.801357163237478835e-05 9.184819420515692571e-05 1.152284412562927236e-04
7.959774971918620482e-05 4.967740937474758036e-05 8.536266063495120385e-05
1.198950741482882206e-04 1.286499078997795477e-04 1.983014412805632896e-04
1.008174608220540800e-04 9.631176979936274297e-05 1.133864839251346531e-04
1.483950912712645581e-04 1.324742614837921850e-04 6.587403336677891705e-05
1.546402218756793114e-04 3.575212436570444051e-05 1.266762093293805622e-04
1.049363682622671430e-04 9.262541672429446438e-05 1.145300498727533232e-04
1.383494844345270112e-04 1.694490877790296606e-04 7.851277470444895752e-05
9.750742208429473456e-05 9.399408083938559546e-05 1.128915408204709809e-04
6.926627509408588154e-05 1.308569270705647880e-04 1.693089851794831444e-04
1.008309329178310490e-04 9.702908058662788817e-05 1.125980893919578067e-04
9.659309481580494866e-05 9.761667054634184948e-05 1.172449235844479114e-04
9.935753657611785198e-05 8.752083153273192823e-05 1.108717047317024949e-04
9.900622649346518486e-05 9.715595508585495434e-05 1.180193774494717391e-04
7.250727798380463788e-05 1.449581121026046143e-04 1.363952030979005421e-04
5.331686712066750810e-05 3.740489010354376481e-05 1.641076334632783390e-04
1.034811729916375696e-04 9.707923438684212575e-05 1.149202570074396400e-04
1.289467409674798458e-04 1.234678352395249929e-04 1.992900472843905392e-04
8.855127309126440500e-05 6.729173640468496945e-05 2.000584987601422375e-04
1.192314890185137364e-04 1.308735234996347195e-04 1.573175453325229792e-04
1.031505957139135823e-04 9.389534004035161093e-05 1.140189867639935866e-04
8.344699180041559913e-05 8.320342811974360464e-05 7.207041349778643246e-05
1.153490473799869201e-04 2.462573345379720759e-05 9.824311024232508971e-05
1.039032516764526389e-04 9.873098661212152108e-05 1.153920319814576525e-04
1.281054572632705634e-04 8.852150564550458121e-05 1.097580762782864776e-04
7.065001005992394576e-05 1.160354855567245574e-04 1.519625699055902012e-04
1.648842175556375291e-04 1.565245433164158453e-04 7.098892674398892780e-05
3.201077776639980741e-05 1.117739110804936704e-04 1.679433243701207576e-04
1.410723510923787827e-04 5.567471699652882909e-05 1.939526814545693709e-04
1.375268990027298552e-04 7.839584397940444079e-05 1.079155538035595559e-04
1.138145194517520980e-04 3.744852825602613250e-05 4.409848237821190216e-05
1.025526032502038353e-04 1.009423076621172150e-04 1.134051397224388082e-04
9.981673458658163467e-05 8.927977716129127759e-05 1.115024944254828728e-04
3.513340858524342190e-05 1.654824472663278144e-04 1.162191293854373072e-04
1.799417548722649337e-04 6.519522854592235553e-05 1.519559242214355531e-04
1.205476103512259910e-04 1.202739626626964298e-04 2.806897501790787575e-05
1.031583694967793823e-04 9.746409542702275683e-05 1.153176410376698937e-04
9.794141529220268868e-05 9.394698067805636477e-05 1.123200291891110844e-04
1.403828908669614030e-04 8.689559059248892271e-05 1.106132745877505199e-04
1.008864048994323785e-04 9.151889413130431577e-05 1.144771284381298777e-04
8.159531921592934540e-05 6.211827467639597137e-05 1.950065921945808988e-04
1.064573632078943982e-04 9.621229103137398763e-05 1.149826730504108056e-04
9.475240114597427042e-05 6.581345616514805571e-05 1.018161229180720041e-04
1.055102315947853799e-04 9.597907431605196655e-05 1.166420684966010360e-04
1.686568319095588925e-04 5.509526883973029672e-05 1.561753150287597939e-04
1.007412539367663254e-04 1.008358580246790229e-04 1.124516803940765676e-04
9.466420484517418937e-05 9.022273782363064720e-05 1.608936124121734422e-04
1.065374102717287538e-04 4.932544851581347129e-05 1.261635395234922256e-04
1.448238184391881179e-04 1.903179693551463236e-04 1.259940429228134564e-04
1.060342302755959496e-04 9.509790187302626650e-05 1.099395247218203482e-04
1.024034316532329889e-04 9.642927944602517926e-05 1.439123961507266436e-04
9.734511974436187067e-05 9.958035026319224858e-05 1.170617131365938408e-04
5.328648171005134163e-05 6.043844840872649083e-05 1.013255957402259998e-04
9.740069478120420387e-05 9.412840895331544319e-05 1.112197930684509511e-04
9.365411714697576267e-05 6.895375938712482611e-05 1.556810576659390971e-04
1.017486756605375718e-04 9.634979144800486601e-05 8.356076749194500371e-05
1.052287321862022687e-04 9.713359725284871952e-05 1.182238449577172886e-04
1.221621387917633879e-04 1.312073228547791179e-04 2.022050007392693833e-04
1.007351684156938972e-04 9.882599700767078854e-05 1.117203685387568792e-04
1.040990535129629214e-04 9.610503137046667854e-05 1.096335730951510595e-04
5.081844341447355545e-05 1.671412091500138950e-04 1.457441825918613957e-04
9.825945451621140650e-05 9.362084792122580157e-05 1.158592383385932494e-04
1.034246661779165055e-04 1.009876486514850371e-04 1.161717680987567406e-04
3.543560954162844318e-05 1.049830855098062341e-04 6.535103488859996218e-05
1.034506318988829578e-04 9.865604113747749703e-05 1.159703904764361270e-04
9.284300374110530420e-05 5.387476835923679029e-05 3.627595599830199297e-05
1.010965193793400958e-04 9.941377939276391522e-05 1.164470446818017071e-04
1.689431447106698914e-04 6.131993162328353637e-05 1.576344113285076337e-04
1.056445713485140530e-04 9.616128965763658381e-05 1.121047362156664428e-04
1.015822325673140168e-04 9.559765716912417197e-05 1.069822283491392664e-04
1.059160841555845806e-04 9.399785948809625559e-05 1.170612828417807950e-04
9.658792082201847734e-05 9.868389851600379117e-05 1.176044846138819632e-04
1.052877810464895522e-04 9.699681742206348609e-05 1.102789136677767210e-04
1.055121572179276707e-04 9.559367567842432130e-05 1.672353238006961699e-04
4.602147234414820219e-05 1.421826207919863438e-05 1.317956534324199968e-04
1.053015804298127747e-04 1.031504273362598707e-04 1.125189830479024895e-04
9.947222568838541893e-05 1.111428438871465236e-04 1.179591342967113249e-04
6.417800772828838123e-05 1.129041308831926728e-04 1.450274694072673344e-04
9.781098419386239447e-05 1.298402907265280739e-04 1.797267055648717529e-04
9.981085219806474184e-05 9.784971161747727029e-05 1.141092216025164219e-04
9.408204432221307987e-05 1.798841761404810537e-04 1.185038692975338591e-04
1.003374284703964091e-04 9.253942651540928387e-05 1.128001744372413891e-04
1.141326289800729382e-04 8.997276759616284548e-05 1.296355653029189214e-05
8.644580910311083473e-05 5.575106399479720220e-05 9.258045065647208492e-05
1.608609893085166469e-04 8.876267842082072985e-05 4.999958304769964567e-05
4.295903800205304909e-05 1.496161096575533949e-04 1.165153233577083310e-04
1.064384930150129424e-04 9.551831576170679628e-05 1.094275513183834913e-04
1.914703272369611695e-04 7.561042957590509677e-05 9.408614243360506483e-05
1.335012798348707513e-04 8.085875226121900573e-05 7.027704747870962168e-05
1.597539058631554018e-04 8.945631473863762360e-05 5.102668020189698691e-05
9.743955111352632897e-05 9.389695154365548487e-05 1.133615297548054264e-04
1.014454797159204587e-04 9.931927612446160905e-05 1.136722155070035917e-04
9.364003695385828593e-05 1.502779544257513067e-04 1.943594203644211018e-04
1.009365756062491988e-04 9.971875444850793570e-05 1.183109438135193468e-04
1.038203663248647891e-04 9.888525259192971237e-05 1.173717340233329992e-04
1.044011002374255160e-04 9.949256508276259423e-05 1.150566714267676636e-04
1.115774082245616500e-04 9.504459553391931821e-05 1.021429076986334999e-04
6.161953779532248338e-05 1.531518731765248707e-04 1.438441490054997659e-04
1.214064488733684975e-04 8.561341948259973346e-05 2.225955019753622771e-05
1.052707656557347093e-04 9.617932910054920951e-05 1.093501654588697515e-04
2.196254634946084574e-06 7.535446310090148227e-05 1.003977677564576196e-04
1.001924688331814301e-04 9.576366025569621075e-05 1.095540976823861209e-04
3.647540589310556983e-05 3.114767530851233525e-05 7.937581772976834372e-05
1.568413342030740808e-04 1.393326991724507164e-04 6.004416134236269774e-05
1.054434495034681251e-04 1.006385988217123171e-04 1.122084178702912059e-04
1.001144430961745086e-04 9.312351638493895521e-05 1.109874241481303411e-04
1.338347139816431150e-04 1.165074265527577023e-04 1.535916808750170461e-05
9.930293922355006801e-05 9.963343734434505121e-05 1.123475888424042937e-04
1.014151003619804219e-04 9.067061753361733848e-05 1.120172227836917987e-04
5.493169374193669949e-05 9.638699134191865169e-05 1.509344964024546796e-04
1.025820727057679755e-04 9.773778016697678723e-05 1.137971050134711803e-04
1.643940674125999961e-04 8.624629602365703083e-05 1.815925494342912822e-04
4.764414732975610158e-05 3.313427595889394497e-05 1.228279259257671790e-04
9.290796986448339879e-05 1.603952122490180827e-04 1.190423230768545654e-04
9.912746632671675848e-05 1.488454353976326735e-05 1.254688720879292138e-04
1.043435161862886728e-04 1.001300674256093990e-04 1.131752194241720014e-04
1.063859303997843209e-04 1.268440647711620468e-04 7.693868761587213353e-05
1.013263931621686051e-04 9.683839043940354252e-05 1.164701438461469770e-04
1.130354618626682188e-04 9.272608143018214297e-05 1.115447430874559490e-04
1.145479754702727668e-04 8.851370114157857761e-05 5.800465885847232431e-06
9.936250084987673786e-05 1.573730331153218309e-04 1.655658643091028899e-04
1.596379617136545572e-04 8.737170953448520326e-05 4.522833180297903481e-05
1.279077462715939124e-04 8.861567484077843718e-05 1.098513991142660936e-04
1.026268769946491458e-04 1.104777744872447966e-04 1.256034416534448103e-04
1.048446992250924597e-04 9.316937582441304187e-05 1.137013012320073840e-04
1.044760887463242345e-04 9.684619199719055364e-05 1.133036720144595648e-04
1.086100665914420556e-04 6.265211555962825495e-05 2.039381769470662638e-04
1.016691375820923170e-04 9.614650007950280221e-05 8.673022767541612257e-05
1.053116464940131037e-04 9.554146078362318385e-05 1.661163909199004339e-04
1.018672432559959864e-04 9.869138223744177926e-05 1.159271544575048271e-04
4.397774804937811303e-05 1.131301661135247462e-04 1.777217715161390492e-04
1.058568578774587114e-04 9.658814094309461549e-05 1.138205449200776933e-04
1.020711017122807477e-04 9.566501890269860640e-05 7.571949420853153181e-05
1.425417304801271953e-04 1.295368120425498487e-04 7.401491248135204717e-05
4.013178366385207170e-05 1.078761193537983783e-04 1.328744876610755043e-04
1.485738131391451712e-04 6.426947377367701886e-05 1.463145377111977881e-04
3.067407523683528747e-05 1.342782952765497295e-04 8.652104020617098720e-05
1.344804785814232703e-04 1.235289374635610169e-04 2.028532835108549199e-04
1.048981854748524067e-04 9.991098068463930069e-05 1.135496234134198248e-04
1.074196179567452595e-04 1.017672073711477497e-04 4.894008539923641805e-05
1.032411458602971983e-04 9.663186441826507984e-05 1.174711478023199171e-04
5.091286327032770265e-05 6.967204546885789266e-05 4.150952210828987558e-05
1.030543979303668055e-04 9.591430520931024844e-05 6.466018695470404491e-05
1.037867357639682913e-04 9.514168308520947923e-05 1.171448401025747206e-04
1.065575025250934402e-04 1.029960077173650105e-04 1.118032867159667780e-04
1.204734396232917735e-04 1.240051937945993487e-04 1.936000696864484958e-04
1.311650532866620383e-04 9.464686222419850753e-05 8.000891691798700945e-05
1.055105021237191614e-04 9.576149178287734023e-05 1.157488191344811009e-04
1.470146740786975356e-04 7.943878561046930460e-05 2.610503100701649541e-05
3.598612411242472803e-05 5.240795765291492310e-05 1.011451242319775915e-04
9.127032485600658192e-05 1.650939290120939510e-04 6.974393174248541170e-05
1.367361761379361185e-04 1.553481117910683769e-04 1.844147044549592775e-04
8.210848028457096463e-05 5.136853294724446869e-05 8.783337196842391456e-05
1.278849670080363734e-04 1.383859064195498072e-04 2.026725979429474481e-04
1.115981780885593459e-04 1.122660079449187831e-04 1.079612183532656768e-04
3.047640789972685092e-05 1.424958974560562987e-04 8.202198666476924818e-05
7.767127090530945180e-05 6.014774432731280978e-05 1.295934885756583148e-04
8.756917090905215722e-05 5.649208618063934658e-05 9.373961597060131252e-05
6.736940540790567619e-05 1.349445912143658083e-04 1.728192659395535004e-04
1.004141397648608493e-04 9.774433492087645115e-05 1.174979654899643074e-04
1.046627060160331340e-04 9.452565363594546573e-05 1.161182213825618205e-04
8.137207540257539802e-05 7.643269587688771840e-05 1.936105273325169793e-05
1.412554521081318720e-04 6.213814419268956100e-05 1.042458116512917247e-04
4.839928521550970666e-05 7.466364071147221272e-05 3.146694501928987939e-05
5.782805585746059342e-05 4.433317924161738849e-05 1.245433809755482448e-04
5.518914852877414886e-05 8.286835968487936757e-05 1.324609074248025238e-04
1.028720845504913102e-04 9.644756420056598001e-05 1.145917571802499107e-04
1.019996058445857187e-04 9.998702124168059127e-05 1.118626727406601837e-04
1.057444212723086455e-04 1.322127606633347432e-04 1.437887218194860994e-04
1.043771712827914105e-04 9.433271837825333162e-05 1.171120966597402429e-04
1.008621800576025332e-04 9.699699332399546305e-05 1.110065155107615477e-04
1.045052827127094472e-04 4.910794850861142539e-05 1.915116374276883810e-04
1.032466508005245350e-04 9.109063687225450192e-05 1.157434005809826163e-04
9.537265513245202534e-05 1.333954032675090052e-04 8.720845785871918232e-05
6.356030017896146188e-05 1.130305918820183119e-04 1.454767291182584323e-04
1.432010415791500622e-04 1.713088591123188627e-04 8.070617938143582169e-05
5.890303339064649810e-05 3.927113365759701125e-05 1.560636597506261060e-04
1.085526062205435452e-04 9.821317701788121845e-05 1.181829497319218241e-04
9.537307637699338995e-05 9.800198851382569841e-05 1.118361489958544230e-04
9.061881397566656500e-05 1.711557653538538714e-04 6.519659822492638690e-05
1.634476590523216638e-04 1.511219547224478736e-04 6.582919844326507158e-05
8.605928545805931423e-05 6.234687449400410915e-05 1.921854165620855430e-04
1.367921030422457980e-04 1.711480735646227723e-04 1.415327432040562800e-04
5.970216265122310937e-05 7.163374001282645832e-05 9.241141838141328827e-05
1.265502624580057542e-04 1.592966402618651331e-04 1.399616247104906101e-04
8.925334600607132270e-05 8.932611259371776088e-05 1.105546962018279710e-04
1.053386879151445532e-04 9.895740661955445519e-05 1.134110741078786223e-04
7.169962048084890338e-05 4.182307458099721418e-07 1.376399517231519489e-04
1.011876682793987162e-04 9.613278504059048410e-05 1.146687333897340814e-04
9.754666298121039464e-05 9.753650048852168886e-05 1.131026605987749166e-04
9.927232078555985257e-05 9.523190309657726714e-05 1.105655511675360865e-04
1.519750110322576483e-04 6.278534264747224743e-05 1.491092591026148772e-04
9.849953066912414245e-05 9.755537963811450732e-05 1.123728371525255519e-04
9.247163977124150719e-05 5.529168348234330961e-05 1.871154316537534175e-04
1.503045847554046910e-04 6.373633152613007648e-05 1.476834973843313555e-04
1.302718591658467301e-04 1.677424046330992379e-04 1.959308746503678417e-04
9.884135566310858127e-05 9.233558744894250719e-05 1.134354347572564549e-04
1.209382366097520005e-04 1.560407550475664113e-04 1.502053052822932761e-04
1.046191466139195276e-04 7.710526257888922934e-05 1.211860648096401322e-04
1.157443316936090705e-04 9.449449765385816585e-05 9.748049433920129596e-05
6.143115109366981770e-05 7.067188972179489761e-05 9.938226890228481626e-05
1.006952495421928692e-04 9.429589635308556407e-05 1.151902006401104152e-04
1.252245096335294209e-04 1.569349330579929689e-04 1.399548555945056671e-04
1.007546320459463469e-04 9.343060706471982785e-05 1.125111874180402554e-04
8.173945509217608624e-05 9.355025919027613174e-05 1.562558400920552478e-04
9.762510970326559730e-05 9.533665071631715728e-05 1.141912771948774759e-04
7.431905208622165214e-05 1.082644042032307469e-04 3.038248206730338467e-05
3.202764824149578423e-05 1.487238231555265894e-04 7.745656189226246666e-05
8.794142690066678459e-05 1.028002475902713424e-04 1.254333995795441927e-04
1.176263586937298714e-04 9.744143573170289366e-05 1.946677391353183377e-04
1.147688212828749016e-04 8.774469869235925065e-05 2.776930935314967642e-06
1.062352048371989488e-04 9.640284827608587884e-05 1.100932697959050224e-04
9.936819392347215753e-05 9.764208626845991641e-05 1.155961425664124744e-04
1.044722189818206716e-04 9.524324088041439293e-05 1.134042730087945268e-04
2.011858164096299965e-04 1.243746646858496401e-04 8.760775550738486009e-05
1.012912489491549814e-04 1.023407191642694222e-04 1.174982325953951798e-04
3.928269673754016087e-05 1.567564911913438123e-04 1.169028890042053340e-04
1.191375860828694592e-04 1.207835431352311114e-04 2.917262975489443984e-05
1.429358402569775623e-04 9.691064935937599551e-05 1.465801930511060485e-04
4.008344729855160739e-05 1.031628259377603769e-04 7.740502962363120687e-05
9.549172069888419519e-05 1.684834431996791383e-04 1.691493107683949616e-04
1.063498413292645375e-04 9.663302053961966864e-05 1.152769680424066911e-04
1.053509838028209055e-04 9.271781414536717117e-05 1.166961261116202333e-04
1.061708844578134744e-04 9.573993518392526648e-05 1.084130293258962649e-04
1.540111607255023379e-04 6.233205828433288458e-05 1.513506516045428848e-04
1.169080697345206341e-04 1.452598953179383445e-04 1.407004366825376012e-04
1.027566050450462676e-04 9.592568952660263169e-05 6.547681549492380816e-05
1.048171265072726712e-04 9.783344356117521293e-05 1.154785364258560946e-04
9.674002449311733124e-05 8.448152663397510975e-05 2.098728705475366447e-04
1.025326034345772091e-04 1.014542617319140499e-04 1.143380239222406282e-04
9.584219195173997944e-05 1.295078074886507927e-04 1.908197050852946785e-04
1.753141964675261491e-04 8.724609255162688265e-05 1.966002380843648127e-04
1.043591021923120888e-04 9.604570087872598024e-05 1.625721398588932803e-04
1.063491368104425128e-04 9.585379796521584141e-05 1.112993654195415424e-04
1.974674463341487567e-04 7.474336143274393533e-05 9.285817747889015667e-05
1.001556361957779359e-04 9.796994490402387756e-05 2.067109223873156204e-04
1.247656153320714993e-04 1.363884737198461016e-04 1.603033372118538313e-04
1.003000946113802387e-04 9.844085759676233518e-05 1.102543647060641143e-04
1.150767009226490850e-04 9.196023960836685986e-05 1.114695280915877114e-04
1.028209054641338554e-04 9.615509803068577244e-05 1.142689073671645562e-04
1.006902895420013231e-04 1.020244438631537760e-04 1.109855912557292947e-04
1.022649875577981741e-04 9.421272578370043114e-05 6.473941235107230543e-05
1.579025451620180611e-04 2.255486640358359641e-05 1.214646261782082582e-04
8.361959003749237600e-05 3.097743573017323421e-05 1.411891370138501146e-04
7.575578733793158202e-05 1.053993557460686014e-04 2.368533100302709570e-05
1.023187115914717062e-04 9.268622214030480800e-05 1.204323397159835220e-04
1.056736665583809490e-04 9.764592122749157950e-05 1.184232988526935290e-04
9.856367536998934245e-05 1.172149293978652607e-04 1.191304994751870737e-04
2.890988821656170269e-05 1.091149278217024151e-04 6.383087893597911015e-05
1.171024719295469190e-04 1.331928974227024158e-04 1.538658878634422366e-04
1.012958318872535121e-04 9.661869798316563855e-05 1.066371519246246978e-04
1.014235782633141937e-04 9.715757974316964073e-05 1.167695957479795868e-04
1.768681239282961747e-04 6.405077138848799605e-05 1.538435190649734821e-04
9.171101175651475107e-05 8.780513499650321053e-05 1.611326976557747050e-04
1.004759258711592439e-04 1.011610002265395472e-04 1.101874136245166029e-04
1.264871865090131731e-04 3.978115249557980052e-05 3.758000232363596952e-05
1.041006025998516871e-04 9.735509651084810624e-05 1.173831222275334440e-04
1.318112479952288335e-04 9.009536305407275054e-05 7.626593838391598421e-05
1.354915725174068086e-04 1.265813230508836646e-04 1.002564294769187607e-04
1.026382396713618878e-04 1.011990841455048996e-04 1.143149133298247103e-04
1.015466806292639749e-04 9.138699205312487896e-05 1.115376542259366080e-04
5.419609141465414045e-05 6.891655722371371978e-05 6.120834959076000060e-05
8.378447956866671585e-05 9.411545679595815822e-05 1.569374119362528007e-04
4.350126876722788365e-05 1.136511401080002342e-04 1.775430319990343672e-04
1.379241719807867788e-04 1.263292031324131284e-04 1.002104811793860675e-04
1.045225411546087948e-04 1.292405257758037838e-04 1.419617793774300709e-04
1.011612406884536132e-04 9.687868681378938385e-05 1.185299447395661218e-04
1.025523484743010543e-04 9.209657602388186641e-05 1.160333657103106050e-04
1.104604297772586452e-04 9.766935955977807250e-05 1.198557033201241964e-04
1.031031256324002810e-04 9.455767767338260220e-05 1.158817633493538580e-04
1.068252232986965445e-04 9.483187505631079180e-05 1.135382886504549476e-04
1.776738827413312219e-04 4.525897827124715099e-05 1.474989586480806528e-04
1.102675914503998796e-04 7.081002069808627877e-05 1.504711167314958648e-04
1.026009037624457540e-04 9.548760984532551346e-05 1.112253279436114145e-04
1.670825400869496746e-04 8.465205714643329871e-05 1.105694796306643185e-04
1.319110967071035251e-04 4.538130679462873499e-05 1.690891958505358827e-04
1.008439701661096357e-04 9.452778859897377213e-05 1.114025827710743194e-04
1.045378290034125262e-04 1.277277146958339326e-04 1.405197235255637085e-04
9.498639407207410063e-05 1.336332793816344172e-04 8.747875542880180705e-05
1.058658828593610337e-04 9.525351453961229708e-05 1.082688621782407895e-04
5.585570937792828542e-05 1.022548898327004440e-04 9.558839621607852178e-05
1.011358419916441045e-04 1.016765517367708069e-04 1.175310014155713515e-04
1.229457860102487322e-04 1.608999128507490844e-04 1.531446336569867680e-04
1.839820688738693505e-04 9.717775841135083245e-05 1.120069154763604207e-04
9.772058125784420393e-05 9.116811369851894825e-05 1.154035659292099273e-04
1.386204679969143855e-04 1.801457139144512008e-04 1.339799868182115904e-04
1.081017266515820597e-04 9.101755529155465378e-05 1.174138397507814397e-04
7.332223448621946358e-05 5.429139779763729777e-05 1.354083458839422307e-04
1.533513563979318670e-04 3.551824390033191185e-05 1.002731291779975295e-04
1.017390093073382350e-04 9.788761537994134692e-05 1.126930214926571007e-04
9.986212782369806480e-05 9.642984429347625872e-05 1.101632652168709213e-04
1.793402333392938783e-04 8.950859536334545381e-05 1.094677179855046962e-04
1.047129001032126773e-04 7.604318440898167307e-05 1.211153734923557581e-04
7.578547511132080331e-05 1.081333467706114420e-04 3.175487529774782369e-05
1.004107738148532546e-04 9.976661450666657370e-05 1.135221468060428285e-04
1.775844692491432037e-04 8.664371641866080878e-05 1.084842200131357618e-04
8.987664294340446736e-05 9.853776165595696840e-05 1.844594857635846474e-04
1.448149475193856244e-04 9.140529144786040301e-05 1.518255390839037822e-04
1.146543656368824015e-04 1.333509298647225631e-04 1.520772956169206733e-04
7.686904662099513553e-05 9.989694649057280062e-05 1.982363293807567367e-04
1.040036783331159420e-04 9.833407325649906302e-05 1.110839595849290339e-04
9.848480087678272580e-05 9.721257621068214510e-05 1.164422487217665246e-04
1.006074510868339226e-04 9.772090400833970928e-05 1.146480549930789424e-04
9.533473708334765074e-05 9.631026393785483927e-05 1.121770749168332149e-04
1.030513024799672208e-04 9.697215513868726240e-05 1.084968863889844681e-04
1.020833772557517487e-04 9.846362577527271445e-05 1.186677185612278879e-04
1.239099861033798151e-04 1.635242725896440688e-04 1.547448986379588943e-04
9.553160515273265672e-05 1.353456399320286045e-04 1.214867823670690743e-04
5.021547046666930423e-05 8.104087769077124087e-05 1.857559299703835914e-04
1.237058912074145024e-04 1.541841355573162398e-04 1.401203500822660532e-04
9.370960311314344539e-05 9.764920506818633569e-05 1.117932198064398462e-04
9.547865761836462619e-05 4.968656666871478509e-05 8.881790852726313310e-05
1.268232789380825405e-04 4.964612990675609338e-05 1.666032383949431943e-04
1.329712041507055480e-04 8.753298086758383911e-05 1.100731545992967040e-04
1.377331685199753358e-04 6.590890789131770094e-05 1.347875427368308283e-04
1.415879957695071996e-04 6.727081736394442918e-05 6.433576588816649938e-05
1.014879349886556710e-04 1.002615658925350964e-04 1.117317397515584898e-04
3.419223360498283828e-05 1.555505455707960729e-04 7.028478301771001746e-05
1.881176586516021597e-04 1.387183899378089801e-04 1.041964252652734387e-04
1.391378269747876189e-04 1.696721151721312969e-04 7.868123443303983561e-05
1.117490877699475499e-04 1.100019711547949345e-04 4.102581183049140300e-05
1.006296160852787689e-04 1.033189896554143430e-04 1.154587067861432615e-04
1.058889442791271401e-04 1.024969294776009000e-04 1.113716756923853051e-04
8.105056040331708590e-05 6.519706195711122768e-05 1.263419580245414271e-04
1.217088278587499979e-04 1.285878436412379714e-04 1.604139887137876104e-04
9.964320940657895849e-05 6.088417684605885592e-05 1.823219860885886233e-04
1.216127290940274347e-04 1.575474313483259960e-04 1.510275703039502804e-04
1.251742779190032995e-04 1.240215101440044160e-04 1.968640941551538792e-04
1.022476692335032755e-04 9.646473000594548038e-05 1.438572809841536437e-04
1.460278121091545178e-04 1.262041110775147126e-04 9.961283718016039504e-05
1.350845365646041317e-04 7.864879225523962591e-05 7.656598950218305435e-05
1.061856038100782856e-04 9.742117003587054381e-05 1.147673524173343905e-04
1.613341904075889038e-04 8.893109954149514289e-05 4.976896947062498948e-05
1.018794704453005590e-04 9.588241705333891342e-05 1.064650543691743692e-04
1.347385801652240997e-04 1.721195816088748136e-04 1.402877196484920909e-04
1.111659686211135173e-04 1.116396451193402107e-04 7.072393573885510138e-05
1.016281794920794943e-04 9.672791699044421389e-05 1.044896943767199907e-04
9.820048979454497112e-05 9.899305194544427613e-05 1.158265624132894954e-04
4.626074368225537259e-05 1.132347936108630681e-04 1.684163806109622707e-04
7.673346400992954496e-05 1.004187821020486243e-04 1.061971028663451753e-04
5.503417232047030683e-05 2.089693632613447288e-05 1.746276799418103548e-04
9.390580559338754718e-05 6.564989991224091167e-05 1.393398788878664172e-04
1.245403956517594530e-04 1.329211164553209827e-04 2.068483013363836163e-04
7.748216415296593383e-05 1.025286454353242240e-04 1.934383629185048594e-04
9.740323974481014766e-05 9.765265423457889871e-05 1.139281931217255586e-04
1.210783901537067681e-04 7.921952671722421347e-05 1.254372091809252655e-04
1.043078578828368744e-04 9.739930343827783461e-05 1.159991432839089061e-04
1.009012805135103981e-04 9.746062551580381844e-05 1.188809963285514406e-04
1.063917009377316766e-04 9.534488663987961273e-05 1.113138463826820627e-04
9.304414810985025663e-05 1.002573188375158094e-04 5.936968474783251899e-05
1.295078646891241274e-04 1.645027087227453040e-04 1.394951334670616538e-04
1.262351403970864399e-04 1.358044979132610802e-04 2.040633589608278192e-04
1.058934447420468712e-04 6.246794571493288902e-05 1.242672631617364968e-04
1.008032510235459339e-04 1.031599605266976690e-04 1.156577354551742534e-04
1.486775169558110033e-04 1.726798169143656258e-04 8.438216577482101429e-05
