100
1.034296824940853237e-04 9.574667362080417111e-05 6.212628664568167248e-05
6.608202678948287218e-05 1.089115215170268576e-04 2.434787503495764203e-05
6.021558084017056945e-05 1.039595420636271240e-04 1.465799412713800741e-04
1.144930258310183983e-04 9.188385660962854087e-05 2.435074693671833356e-05
7.925142877885553785e-05 9.988618492226026971e-05 1.070583788155693303e-04
9.831064072989723838e-05 9.791721136256047436e-05 1.141694378053411177e-04
1.037087299063989298e-04 9.814289359702066222e-05 1.117457410967958914e-04
1.016607677806653922e-04 1.381461452935705929e-04 1.570194636890368152e-04
1.055295574369476065e-04 9.579257322393468894e-05 1.078208007488662835e-04
7.178581609265174024e-05 1.101496113404279795e-04 1.383362617500668234e-04
9.735186526288819114e-05 8.049865467064355685e-05 1.083675948345850588e-04
9.787402955233511219e-05 9.381290562035717745e-05 1.142036596868946737e-04
1.002063538144387346e-04 1.453719105710417868e-04 1.601173724658449084e-04
9.900356852919137683e-05 8.794496001759011944e-05 1.108784544044093550e-04
1.059194935950696025e-04 4.602481059327153334e-05 1.939185344530206130e-04
9.846169395062816709e-05 9.625463754322851370e-05 1.123801282260192985e-04
1.431630184288797309e-04 5.594159189338834511e-05 1.029179453222457658e-04
1.012084166155922417e-04 1.015949792479717631e-04 1.162308081702924644e-04
9.423162667838691747e-05 1.473296898310572111e-04 8.334343545589405872e-05
1.059642965225593046e-04 9.566360498908063777e-05 1.690830425040462561e-04
5.033250009724347484e-05 1.678672795031321569e-04 1.451332181277887072e-04
5.848354448112502452e-05 9.640945910502780316e-05 1.405193914720387057e-04
6.899936957482879672e-05 1.318655279600723608e-04 1.235171511834254690e-04
1.042288358742633113e-04 1.310971685062744944e-04 1.465346185903559440e-04
1.506557941669798726e-04 4.095703170341440379e-05 1.009471354246626213e-04
6.453005011112500073e-05 1.102095101899482462e-04 1.435007889779921426e-04
8.931561455390301394e-05 9.855740484047063432e-05 1.104030241212236883e-04
8.668919770117666063e-05 5.545401951527883247e-05 9.248463421101164688e-05
1.012505519645597599e-04 8.686266953857065242e-06 1.246892910920988963e-04
1.058205296104998373e-04 7.228363429602714587e-05 1.554472617297493009e-04
9.816370157278333630e-05 9.730283061384980647e-05 1.133285039127422997e-04
5.042655012274395015e-05 1.134283734304856295e-04 1.631478684932501512e-04
1.447465072595805445e-04 1.652040230492081711e-04 1.478451377721305823e-04
1.000032694217201069e-04 1.021690441920602391e-04 1.098892624888905996e-04
1.061686295026999710e-04 9.774240139236460480e-05 1.176903737953579812e-04
1.186754378496868167e-04 8.796537045867162171e-05 2.283890107191909613e-05
3.451736454948324003e-05 8.961736664930135298e-05 1.555911447784403569e-04
8.797138354047554485e-05 6.275584334020899168e-05 1.908029830040784258e-04
8.960821518658560489e-05 1.004147274066630521e-04 5.954718178286379053e-05
9.867174319114586304e-05 1.615540419679911807e-04 1.675856013620244020e-04
1.020780670258573925e-04 9.661934565103434268e-05 1.099973503858399007e-04
1.019127975536014317e-04 9.613541499886045830e-05 8.544969905681798082e-05
1.023558282224406538e-04 9.471589721635102299e-05 1.133791601028830587e-04
1.006412524836877665e-04 9.606693672969681904e-05 1.136614610797932507e-04
7.592488752927125425e-05 1.624848999133932461e-04 1.253108418007867154e-04
1.154504282220919151e-04 1.184886015000205219e-04 3.412855197517277231e-05
7.423871088658899142e-05 1.637827705886217057e-04 1.258721500770096477e-04
1.117025062544432963e-04 1.125110063588037905e-04 7.092853548960363695e-05
3.628237967675274089e-05 5.228351887646868150e-05 1.012597319716716028e-04
1.481591034886019947e-04 8.809005696010905229e-05 1.584227465877082093e-04
1.426797691075738729e-04 9.665812664770426828e-05 1.462197197091079609e-04
1.022354463457588012e-04 9.665205807726738314e-05 1.070746904437059097e-04
1.221357735682684919e-04 1.640904389412842354e-04 7.490788706549235637e-05
9.876704397224556130e-05 9.943318818542120675e-05 1.161202181079780144e-04
1.119914288175668425e-04 1.127615161777045560e-04 7.118997277871787438e-05
1.231729789827384414e-04 1.541849943212378945e-04 1.400639910330642916e-04
7.590373680053347596e-05 9.558642491967509164e-05 2.071851800727763813e-04
1.006270326770132600e-04 1.308997112924279740e-04 1.632452928133127810e-04
1.717664548830551412e-04 2.634919097585269372e-05 1.008592132628837162e-04
1.074412833154294157e-04 9.584962866522953040e-05 1.131450259239147229e-04
1.079728352556894581e-04 9.417204646612928982e-05 1.135395527655035070e-04
1.021307965699600037e-04 9.624124299325319319e-05 8.241125373959061224e-05
9.723576486863517055e-05 9.827361600953564370e-05 1.130844178046930948e-04
1.035795520615670934e-04 9.578627758989331276e-05 6.108452082851360430e-05
1.013664081673308853e-04 9.464793024106201347e-05 1.392599438631355203e-05
6.132360670179059494e-05 7.055573859535470835e-05 9.959747795635206992e-05
9.450204633878148293e-05 1.226869941443814785e-04 2.034403523655693301e-04
1.170719364133468248e-04 1.189072257479786382e-04 1.056843803831006957e-04
9.651906458190228732e-05 8.983449143217923265e-05 1.161423495622120083e-04
1.027226938526001551e-04 9.254191707480420592e-05 1.148546945956851361e-04
5.907520568426837698e-05 1.132535530713492790e-04 1.505183089038030473e-04
1.831819816210646589e-04 1.353138120062208859e-04 1.022955497020872301e-04
5.271216713698341131e-05 3.890475491300566835e-05 1.229670183289262710e-04
1.423667003100396935e-04 9.832593508632642230e-05 1.449285674080189317e-04
1.598903805837050560e-04 8.572594913088395045e-05 1.117471734005710685e-04
6.910114951897325364e-05 1.091620455556698688e-04 2.617973357388222628e-05
3.119282650325112902e-05 1.099483644111833697e-04 4.425938216904640654e-05
1.012859207086861752e-04 9.924330840459385334e-05 1.175813407951989707e-04
6.759459548030211594e-05 7.446352379835386121e-05 1.047704707416624760e-04
1.519413624198537045e-04 1.253879005708331818e-04 9.870346007174793097e-05
1.054215518965776524e-04 9.427613357780402687e-05 1.159651954035543180e-04
5.299914006739028848e-05 4.259409280408617873e-05 1.679703975572404979e-04
1.060152829471601346e-04 8.142828712923624716e-05 1.379239258983324789e-04
9.585215252135417861e-05 1.864563244760655825e-04 1.290214267796918786e-04
3.673266666750468187e-05 3.273279954995441320e-05 8.083845172720253340e-05
1.064075604654668965e-04 9.538388171323801629e-05 1.143362586211765824e-04
1.015226775986393970e-04 9.574809743293917724e-05 1.088878852582234052e-04
1.059335306589352546e-04 1.012100269281877900e-04 1.127600793383005891e-04
1.043920844138883272e-04 9.589295405217146200e-05 1.110343506142112696e-04
1.038071327887397926e-04 9.015149683498009680e-05 1.240294997134120899e-04
1.196468805440310541e-04 9.091049218581255498e-05 1.108035875068577006e-04
5.223529424854510272e-05 6.367590102647268735e-05 4.988242892399493539e-05
6.864072442155344489e-05 1.013627822861625210e-04 1.027410359984629837e-04
1.421707111951274775e-04 6.664718102918223237e-05 6.388115004423801423e-05
6.085324234594686018e-05 1.158540293853363196e-04 1.055257318966084810e-04
9.796765823734244582e-05 9.759573188226647821e-05 1.174310244413763937e-04
1.012317576356129724e-04 9.600488370906233202e-05 7.336392612337733698e-05
1.072392002580650213e-04 9.555625068522236813e-05 1.142134899658738212e-04
6.915649612130549595e-05 1.299454866912578958e-04 1.681523097790676307e-04
8.528165540789856567e-05 1.043100378019195629e-04 1.277655960335914677e-04
